[LEFT_CAM_2K]
fx=1067.25
fy=1067.67
cx=1086.02
cy=635.901
k1=-0.0492378
k2=0.0222858
p1=0.000152519
p2=-0.000136937
k3=-0.00915146

[RIGHT_CAM_2K]
fx=1068.33
fy=1068.31
cx=1091.39
cy=687.056
k1=-0.0476939
k2=0.0205226
p1=-0.000491034
p2=0.000261327
k3=-0.00852836

[LEFT_CAM_FHD]
fx=1067.25
fy=1067.67
cx=942.02
cy=554.901
k1=-0.0492378
k2=0.0222858
p1=0.000152519
p2=-0.000136937
k3=-0.00915146

[RIGHT_CAM_FHD]
fx=1068.33
fy=1068.31
cx=947.39
cy=606.056
k1=-0.0476939
k2=0.0205226
p1=-0.000491034
p2=0.000261327
k3=-0.00852836

[LEFT_CAM_HD]
fx=533.625
fy=533.835
cx=629.51
cy=365.9505
k1=-0.0492378
k2=0.0222858
p1=0.000152519
p2=-0.000136937
k3=-0.00915146

[RIGHT_CAM_HD]
fx=534.165
fy=534.155
cx=632.195
cy=391.528
k1=-0.0476939
k2=0.0205226
p1=-0.000491034
p2=0.000261327
k3=-0.00852836

[LEFT_CAM_VGA]
fx=266.8125
fy=266.9175
cx=330.255
cy=190.47525
k1=-0.0492378
k2=0.0222858
p1=0.000152519
p2=-0.000136937
k3=-0.00915146

[RIGHT_CAM_VGA]
fx=267.0825
fy=267.0775
cx=331.5975
cy=203.264
k1=-0.0476939
k2=0.0205226
p1=-0.000491034
p2=0.000261327
k3=-0.00852836

[LEFT_DISTO]
k1=-0.784196
k2=2.12472
k3=0.154636
k4=-0.683702
k5=1.98005
k6=0.311234
p1=0.000188204
p2=4.37955e-05

[RIGHT_DISTO]
k1=-1.08789
k2=2.59658
k3=0.0993279
k4=-0.992614
k5=2.44964
k6=0.267518
p1=-0.000416967
p2=7.02609e-05

[STEREO]
Baseline=119.95
TY=-0.0585583
TZ=0.0531714
CV_2K=-0.000201251
CV_FHD=-0.000201251
CV_HD=-0.000201251
CV_VGA=-0.000201251
RX_2K=0.00151094
RX_FHD=0.00151094
RX_HD=0.00151094
RX_VGA=0.00151094
RZ_2K=0.00106381
RZ_FHD=0.00106381
RZ_HD=0.00106381
RZ_VGA=0.00106381

[MISC]
Sensor_ID=0

